{
  "focal_len": 1350.0,
  "cx": 256.0,
  "cy": 256.0,
  "frames": [
    {
      "img_id": 0,
      "aud_id": 0,
      "transform_matrix": [
        [
          0.9994844794273376,
          -0.01355806551873684,
          0.029102865606546402,
          0.025227321311831474
        ],
        [
          0.013055303134024143,
          0.9997634291648865,
          0.017396414652466774,
          0.0248064324259758
        ],
        [
          -0.029331842437386513,
          -0.01700749807059765,
          0.9994249939918518,
          0.7443642616271973
        ],
        [
          0.0,
          0.0,
          0.0,
          1.0
        ]
      ],
      "face_rect": [
        61,
        0,
        384,
        468
      ]
    },
    {
      "img_id": 1,
      "aud_id": 1,
      "transform_matrix": [
        [
          0.9994848966598511,
          -0.010596008971333504,
          0.030291931703686714,
          0.02598508447408676
        ],
        [
          0.010168303735554218,
          0.9998469352722168,
          0.014238812029361725,
          0.022318165749311447
        ],
        [
          -0.030438169836997986,
          -0.013923459686338902,
          0.9994396567344666,
          0.744246244430542
        ],
        [
          0.0,
          0.0,
          0.0,
          1.0
        ]
      ],
      "face_rect": [
        61,
        0,
        384,
        466
      ]
    },
    {
      "img_id": 2,
      "aud_id": 2,
      "transform_matrix": [
        [
          0.9994826316833496,
          -0.007988075725734234,
          0.031154202297329903,
          0.02652016095817089
        ],
        [
          0.007621923927217722,
          0.9999006986618042,
          0.011854002252221107,
          0.02032981626689434
        ],
        [
          -0.031245799735188484,
          -0.011610414832830429,
          0.999444305896759,
          0.744188666343689
        ],
        [
          0.0,
          0.0,
          0.0,
          1.0
        ]
      ],
      "face_rect": [
        62,
        0,
        378,
        458
      ]
    },
    {
      "img_id": 3,
      "aud_id": 3,
      "transform_matrix": [
        [
          0.9994783401489258,
          -0.004431440960615873,
          0.03199063986539841,
          0.02691163867712021
        ],
        [
          0.004172984044998884,
          0.9999581575393677,
          0.008141392841935158,
          0.01743929088115692
        ],
        [
          -0.03202538192272186,
          -0.008003649301826954,
          0.9994549751281738,
          0.7435454726219177
        ],
        [
          0.0,
          0.0,
          0.0,
          1.0
        ]
      ],
      "face_rect": [
        62,
        0,
        384,
        468
      ]
    },
    {
      "img_id": 4,
      "aud_id": 4,
      "transform_matrix": [
        [
          0.9994465112686157,
          -0.00018420298874843866,
          0.033266548067331314,
          0.02771122194826603
        ],
        [
          6.128686072770506e-05,
          0.9999932050704956,
          0.0036958681885153055,
          0.013940603472292423
        ],
        [
          -0.033267002552747726,
          -0.0036917838733643293,
          0.9994397163391113,
          0.7432904839515686
        ],
        [
          0.0,
          0.0,
          0.0,
          1.0
        ]
      ],
      "face_rect": [
        62,
        0,
        384,
        468
      ]
    },
    {
      "img_id": 5,
      "aud_id": 5,
      "transform_matrix": [
        [
          0.9993196129798889,
          0.011658339761197567,
          0.03499135375022888,
          0.028918905183672905
        ],
        [
          -0.011601828970015049,
          0.9999309778213501,
          -0.0018176349112764,
          0.009687907062470913
        ],
        [
          -0.03501013666391373,
          0.0014104344882071018,
          0.9993859529495239,
          0.7433075904846191
        ],
        [
          0.0,
          0.0,
          0.0,
          1.0
        ]
      ],
      "face_rect": [
        65,
        0,
        380,
        466
      ]
    },
    {
      "img_id": 6,
      "aud_id": 6,
      "transform_matrix": [
        [
          0.9983639717102051,
          0.04250641539692879,
          0.03824249282479286,
          0.031681422144174576
        ],
        [
          -0.04225063696503639,
          0.9990790486335754,
          -0.007472191471606493,
          0.004635644145309925
        ],
        [
          -0.038524892181158066,
          0.0058441972360014915,
          0.999240517616272,
          0.7454215288162231
        ],
        [
          0.0,
          0.0,
          0.0,
          1.0
        ]
      ],
      "face_rect": [
        63,
        0,
        374,
        458
      ]
    },
    {
      "img_id": 7,
      "aud_id": 7,
      "transform_matrix": [
        [
          0.9938371777534485,
          0.09839066863059998,
          0.05105875805020332,
          0.042982347309589386
        ],
        [
          -0.09748053550720215,
          0.9950359463691711,
          -0.020025363191962242,
          -0.005789763294160366
        ],
        [
          -0.052775606513023376,
          0.014924715273082256,
          0.9984948635101318,
          0.7441355586051941
        ],
        [
          0.0,
          0.0,
          0.0,
          1.0
        ]
      ],
      "face_rect": [
        58,
        0,
        380,
        466
      ]
    },
    {
      "img_id": 8,
      "aud_id": 8,
      "transform_matrix": [
        [
          0.9831626415252686,
          0.16556186974048615,
          0.07733355462551117,
          0.06709185987710953
        ],
        [
          -0.16311043500900269,
          0.9859119057655334,
          -0.03705143928527832,
          -0.019442543387413025
        ],
        [
          -0.08237837255001068,
          0.023813679814338684,
          0.9963165521621704,
          0.7406744360923767
        ],
        [
          0.0,
          0.0,
          0.0,
          1.0
        ]
      ],
      "face_rect": [
        52,
        0,
        384,
        458
      ]
    },
    {
      "img_id": 9,
      "aud_id": 9,
      "transform_matrix": [
        [
          0.9701244831085205,
          0.22339077293872833,
          0.09463150054216385,
          0.0855950340628624
        ],
        [
          -0.219273179769516,
          0.9742761254310608,
          -0.052012573927640915,
          -0.03211051598191261
        ],
        [
          -0.10381633788347244,
          0.02970852144062519,
          0.9941526651382446,
          0.7376229763031006
        ],
        [
          0.0,
          0.0,
          0.0,
          1.0
        ]
      ],
      "face_rect": [
        49,
        0,
        386,
        462
      ]
    },
    {
      "img_id": 10,
      "aud_id": 10,
      "transform_matrix": [
        [
          0.9634178280830383,
          0.25272759795188904,
          0.08918986469507217,
          0.08531289547681808
        ],
        [
          -0.24846653640270233,
          0.967008650302887,
          -0.05620241165161133,
          -0.03620780631899834
        ],
        [
          -0.1004512682557106,
          0.031985703855752945,
          0.9944276809692383,
          0.7340604066848755
        ],
        [
          0.0,
          0.0,
          0.0,
          1.0
        ]
      ],
      "face_rect": [
        44,
        0,
        380,
        454
      ]
    },
    {
      "img_id": 11,
      "aud_id": 11,
      "transform_matrix": [
        [
          0.9623187780380249,
          0.26191842555999756,
          0.07308418303728104,
          0.07470253854990005
        ],
        [
          -0.25846460461616516,
          0.9645413160324097,
          -0.05344233289361,
          -0.03520618751645088
        ],
        [
          -0.08449024707078934,
          0.03253888711333275,
          0.9958928823471069,
          0.7351929545402527
        ],
        [
          0.0,
          0.0,
          0.0,
          1.0
        ]
      ],
      "face_rect": [
        40,
        0,
        378,
        454
      ]
    },
    {
      "img_id": 12,
      "aud_id": 12,
      "transform_matrix": [
        [
          0.9629783630371094,
          0.26299625635147095,
          0.0592074990272522,
          0.06423500180244446
        ],
        [
          -0.25976333022117615,
          0.9639853239059448,
          -0.05705473572015762,
          -0.03874412924051285
        ],
        [
          -0.0720803514122963,
          0.039562538266181946,
          0.9966138005256653,
          0.7352314591407776
        ],
        [
          0.0,
          0.0,
          0.0,
          1.0
        ]
      ],
      "face_rect": [
        37,
        0,
        380,
        458
      ]
    },
    {
      "img_id": 13,
      "aud_id": 13,
      "transform_matrix": [
        [
          0.9653136730194092,
          0.2547358572483063,
          0.05726480111479759,
          0.06328428536653519
        ],
        [
          -0.2514812648296356,
          0.966100811958313,
          -0.058364249765872955,
          -0.04021936655044556
        ],
        [
          -0.07019103318452835,
          0.04193878173828125,
          0.9966515898704529,
          0.7338371872901917
        ],
        [
          0.0,
          0.0,
          0.0,
          1.0
        ]
      ],
      "face_rect": [
        37,
        0,
        380,
        452
      ]
    },
    {
      "img_id": 14,
      "aud_id": 14,
      "transform_matrix": [
        [
          0.968750536441803,
          0.24094517529010773,
          0.058888714760541916,
          0.06579810380935669
        ],
        [
          -0.2377173900604248,
          0.9696689248085022,
          -0.05685652047395706,
          -0.03971989080309868
        ],
        [
          -0.07080185413360596,
          0.041080914437770844,
          0.996644139289856,
          0.7331504225730896
        ],
        [
          0.0,
          0.0,
          0.0,
          1.0
        ]
      ],
      "face_rect": [
        30,
        0,
        386,
        462
      ]
    },
    {
      "img_id": 15,
      "aud_id": 15,
      "transform_matrix": [
        [
          0.9718687534332275,
          0.22746384143829346,
          0.06108412146568298,
          0.06863418966531754
        ],
        [
          -0.22428745031356812,
          0.97298663854599,
          -0.054700203239917755,
          -0.03884954750537872
        ],
        [
          -0.07187635451555252,
          0.03946101665496826,
          0.9966325759887695,
          0.7327572703361511
        ],
        [
          0.0,
          0.0,
          0.0,
          1.0
        ]
      ],
      "face_rect": [
        28,
        0,
        384,
        468
      ]
    },
    {
      "img_id": 16,
      "aud_id": 16,
      "transform_matrix": [
        [
          0.9757784008979797,
          0.21013104915618896,
          0.06083911657333374,
          0.06901129335165024
        ],
        [
          -0.20712623000144958,
          0.976923406124115,
          -0.05214788392186165,
          -0.03767158463597298
        ],
        [
          -0.07039304822683334,
          0.03828340396285057,
          0.9967844486236572,
          0.7331097722053528
        ],
        [
          0.0,
          0.0,
          0.0,
          1.0
        ]
      ],
      "face_rect": [
        27,
        0,
        384,
        478
      ]
    },
    {
      "img_id": 17,
      "aud_id": 17,
      "transform_matrix": [
        [
          0.9797559380531311,
          0.19108940660953522,
          0.059691451489925385,
          0.06855437159538269
        ],
        [
          -0.1884758323431015,
          0.9809637069702148,
          -0.04676482826471329,
          -0.03377514332532883
        ],
        [
          -0.06749141961336136,
          0.03456771746277809,
          0.9971207976341248,
          0.7331221699714661
        ],
        [
          0.0,
          0.0,
          0.0,
          1.0
        ]
      ],
      "face_rect": [
        26,
        0,
        384,
        478
      ]
    },
    {
      "img_id": 18,
      "aud_id": 18,
      "transform_matrix": [
        [
          0.982191264629364,
          0.17642153799533844,
          0.06461994349956512,
          0.07239360362291336
        ],
        [
          -0.17399762570858002,
          0.9838739037513733,
          -0.04143615439534187,
          -0.029683388769626617
        ],
        [
          -0.07088810205459595,
          0.029454514384269714,
          0.9970492720603943,
          0.7338594794273376
        ],
        [
          0.0,
          0.0,
          0.0,
          1.0
        ]
      ],
      "face_rect": [
        26,
        0,
        384,
        468
      ]
    },
    {
      "img_id": 19,
      "aud_id": 19,
      "transform_matrix": [
        [
          0.9841119050979614,
          0.16393566131591797,
          0.06818298250436783,
          0.07500971853733063
        ],
        [
          -0.16184169054031372,
          0.9861881732940674,
          -0.03521521016955376,
          -0.02471126988530159
        ],
        [
          -0.0730142816901207,
          0.023620858788490295,
          0.9970511794090271,
          0.7341467142105103
        ],
        [
          0.0,
          0.0,
          0.0,
          1.0
        ]
      ],
      "face_rect": [
        25,
        0,
        386,
        470
      ]
    },
    {
      "img_id": 20,
      "aud_id": 20,
      "transform_matrix": [
        [
          0.9850985407829285,
          0.15709860622882843,
          0.07000581920146942,
          0.0761290192604065
        ],
        [
          -0.15540118515491486,
          0.9874227046966553,
          -0.02910103276371956,
          -0.019555900245904922
        ],
        [
          -0.0736970603466034,
          0.017788399010896683,
          0.9971219897270203,
          0.7347490787506104
        ],
        [
          0.0,
          0.0,
          0.0,
          1.0
        ]
      ],
      "face_rect": [
        27,
        0,
        386,
        470
      ]
    },
    {
      "img_id": 21,
      "aud_id": 21,
      "transform_matrix": [
        [
          0.9860348105430603,
          0.1522609442472458,
          0.067467600107193,
          0.07340484857559204
        ],
        [
          -0.15086661279201508,
          0.988229513168335,
          -0.025330860167741776,
          -0.015921372920274734
        ],
        [
          -0.07053038477897644,
          0.014798501506447792,
          0.9973998665809631,
          0.7341378927230835
        ],
        [
          0.0,
          0.0,
          0.0,
          1.0
        ]
      ],
      "face_rect": [
        30,
        0,
        384,
        468
      ]
    },
    {
      "img_id": 22,
      "aud_id": 22,
      "transform_matrix": [
        [
          0.9875555634498596,
          0.14369308948516846,
          0.06392434239387512,
          0.06953572481870651
        ],
        [
          -0.14257071912288666,
          0.9895442724227905,
          -0.021809812635183334,
          -0.012285380624234676
        ],
        [
          -0.06638988852500916,
          0.01242466177791357,
          0.9977163672447205,
          0.7335636019706726
        ],
        [
          0.0,
          0.0,
          0.0,
          1.0
        ]
      ],
      "face_rect": [
        32,
        0,
        384,
        466
      ]
    },
    {
      "img_id": 23,
      "aud_id": 23,
      "transform_matrix": [
        [
          0.9888202548027039,
          0.13677920401096344,
          0.05937989801168442,
          0.06491439789533615
        ],
        [
          -0.13597999513149261,
          0.9905602335929871,
          -0.017316509038209915,
          -0.008057475090026855
        ],
        [
          -0.061187900602817535,
          0.00904843769967556,
          0.9980852603912354,
          0.734416127204895
        ],
        [
          0.0,
          0.0,
          0.0,
          1.0
        ]
      ],
      "face_rect": [
        31,
        0,
        396,
        454
      ]
    },
    {
      "img_id": 24,
      "aud_id": 24,
      "transform_matrix": [
        [
          0.9901548624038696,
          0.1280619353055954,
          0.056510910391807556,
          0.061587750911712646
        ],
        [
          -0.12747323513031006,
          0.991744339466095,
          -0.013916876167058945,
          -0.004619130864739418
        ],
        [
          -0.05782660096883774,
          0.006576234474778175,
          0.9983050227165222,
          0.7344841361045837
        ],
        [
          0.0,
          0.0,
          0.0,
          1.0
        ]
      ],
      "face_rect": [
        33,
        0,
        396,
        456
      ]
    },
    {
      "img_id": 25,
      "aud_id": 25,
      "transform_matrix": [
        [
          0.9911496639251709,
          0.12033649533987045,
          0.05604822561144829,
          0.06041404604911804
        ],
        [
          -0.1199822798371315,
          0.9927290678024292,
          -0.009654699824750423,
          -0.00047456659376621246
        ],
        [
          -0.05680251494050026,
          0.0028444586787372828,
          0.9983813762664795,
          0.7348239421844482
        ],
        [
          0.0,
          0.0,
          0.0,
          1.0
        ]
      ],
      "face_rect": [
        35,
        0,
        396,
        464
      ]
    },
    {
      "img_id": 26,
      "aud_id": 26,
      "transform_matrix": [
        [
          0.9919341802597046,
          0.1132379025220871,
          0.05695347115397453,
          0.06061886250972748
        ],
        [
          -0.11322557181119919,
          0.9935632348060608,
          -0.0034538053441792727,
          0.004906786605715752
        ],
        [
          -0.05697798356413841,
          -0.0030226418748497963,
          0.9983708262443542,
          0.7361932396888733
        ],
        [
          0.0,
          0.0,
          0.0,
          1.0
        ]
      ],
      "face_rect": [
        33,
        0,
        398,
        458
      ]
    },
    {
      "img_id": 27,
      "aud_id": 27,
      "transform_matrix": [
        [
          0.992743194103241,
          0.10680517554283142,
          0.055260300636291504,
          0.05894375592470169
        ],
        [
          -0.10699596256017685,
          0.9942593574523926,
          0.000496989581733942,
          0.008373506367206573
        ],
        [
          -0.0548899881541729,
          -0.006406011991202831,
          0.9984719157218933,
          0.7372192144393921
        ],
        [
          0.0,
          0.0,
          0.0,
          1.0
        ]
      ],
      "face_rect": [
        34,
        0,
        398,
        468
      ]
    },
    {
      "img_id": 28,
      "aud_id": 28,
      "transform_matrix": [
        [
          0.9932499527931213,
          0.10257837176322937,
          0.054149944335222244,
          0.057675205171108246
        ],
        [
          -0.1027541309595108,
          0.9947067499160767,
          0.00046440400183200836,
          0.008434479124844074
        ],
        [
          -0.05381567403674126,
          -0.006025399547070265,
          0.9985327124595642,
          0.7382476329803467
        ],
        [
          0.0,
          0.0,
          0.0,
          1.0
        ]
      ],
      "face_rect": [
        41,
        0,
        390,
        468
      ]
    },
    {
      "img_id": 29,
      "aud_id": 29,
      "transform_matrix": [
        [
          0.9934240579605103,
          0.10026973485946655,
          0.055268123745918274,
          0.05825832486152649
        ],
        [
          -0.1003333181142807,
          0.9949525594711304,
          -0.0016301958821713924,
          0.0068873194977641106
        ],
        [
          -0.05515262112021446,
          -0.003925758879631758,
          0.9984701871871948,
          0.7389997243881226
        ],
        [
          0.0,
          0.0,
          0.0,
          1.0
        ]
      ],
      "face_rect": [
        39,
        0,
        392,
        468
      ]
    },
    {
      "img_id": 30,
      "aud_id": 30,
      "transform_matrix": [
        [
          0.9934192299842834,
          0.09838533401489258,
          0.058639343827962875,
          0.06100435554981232
        ],
        [
          -0.09839191287755966,
          0.9951438307762146,
          -0.0027821145486086607,
          0.005926053039729595
        ],
        [
          -0.05862830579280853,
          -0.0030058317352086306,
          0.9982753396034241,
          0.7399264574050903
        ],
        [
          0.0,
          0.0,
          0.0,
          1.0
        ]
      ],
      "face_rect": [
        40,
        0,
        392,
        468
      ]
    },
    {
      "img_id": 31,
      "aud_id": 31,
      "transform_matrix": [
        [
          0.9935813546180725,
          0.09449364989995956,
          0.062185365706682205,
          0.06409840285778046
        ],
        [
          -0.09404550492763519,
          0.9955166578292847,
          -0.010101133957505226,
          2.4743378162384033e-05
        ],
        [
          -0.06286106258630753,
          0.0041880435310304165,
          0.998013436794281,
          0.7410966753959656
        ],
        [
          0.0,
          0.0,
          0.0,
          1.0
        ]
      ],
      "face_rect": [
        41,
        0,
        390,
        468
      ]
    },
    {
      "img_id": 32,
      "aud_id": 32,
      "transform_matrix": [
        [
          0.9940359592437744,
          0.08914446830749512,
          0.06281474977731705,
          0.06453370302915573
        ],
        [
          -0.08814192563295364,
          0.9959349632263184,
          -0.01856011524796486,
          -0.00699266605079174
        ],
        [
          -0.06421394646167755,
          0.012912807986140251,
          0.9978525638580322,
          0.7412497401237488
        ],
        [
          0.0,
          0.0,
          0.0,
          1.0
        ]
      ],
      "face_rect": [
        40,
        0,
        390,
        478
      ]
    },
    {
      "img_id": 33,
      "aud_id": 33,
      "transform_matrix": [
        [
          0.9948363900184631,
          0.08428030461072922,
          0.05654565617442131,
          0.05944915488362312
        ],
        [
          -0.08318594843149185,
          0.9963033199310303,
          -0.02144009806215763,
          -0.009649419225752354
        ],
        [
          -0.05814360827207565,
          0.01662558503448963,
          0.9981697797775269,
          0.7424229383468628
        ],
        [
          0.0,
          0.0,
          0.0,
          1.0
        ]
      ],
      "face_rect": [
        40,
        0,
        384,
        478
      ]
    },
    {
      "img_id": 34,
      "aud_id": 34,
      "transform_matrix": [
        [
          0.9953091144561768,
          0.08240025490522385,
          0.05069390684366226,
          0.054686833173036575
        ],
        [
          -0.08137709647417068,
          0.9964420795440674,
          -0.021929867565631866,
          -0.010500318370759487
        ],
        [
          -0.05232056975364685,
          0.01770167611539364,
          0.9984734654426575,
          0.7433696389198303
        ],
        [
          0.0,
          0.0,
          0.0,
          1.0
        ]
      ],
      "face_rect": [
        37,
        0,
        392,
        472
      ]
    },
    {
      "img_id": 35,
      "aud_id": 35,
      "transform_matrix": [
        [
          0.9954052567481995,
          0.08291168510913849,
          0.047895003110170364,
          0.0529186986386776
        ],
        [
          -0.08200011402368546,
          0.9964174032211304,
          -0.020697221159934998,
          -0.00990079715847969
        ],
        [
          -0.0494394525885582,
          0.016674727201461792,
          0.9986379146575928,
          0.7447578310966492
        ],
        [
          0.0,
          0.0,
          0.0,
          1.0
        ]
      ],
      "face_rect": [
        39,
        0,
        390,
        466
      ]
    },
    {
      "img_id": 36,
      "aud_id": 36,
      "transform_matrix": [
        [
          0.9950204491615295,
          0.0859704315662384,
          0.05043242499232292,
          0.05593203008174896
        ],
        [
          -0.0848708227276802,
          0.9961134195327759,
          -0.02355828881263733,
          -0.01270553469657898
        ],
        [
          -0.05226173251867294,
          0.019160738214850426,
          0.9984496235847473,
          0.7467316389083862
        ],
        [
          0.0,
          0.0,
          0.0,
          1.0
        ]
      ],
      "face_rect": [
        36,
        0,
        390,
        450
      ]
    },
    {
      "img_id": 37,
      "aud_id": 37,
      "transform_matrix": [
        [
          0.9948960542678833,
          0.08731911331415176,
          0.05056929215788841,
          0.05693498253822327
        ],
        [
          -0.08601602166891098,
          0.9959169030189514,
          -0.027399763464927673,
          -0.016191061586141586
        ],
        [
          -0.052755337208509445,
          0.022910146042704582,
          0.9983446002006531,
          0.7472872734069824
        ],
        [
          0.0,
          0.0,
          0.0,
          1.0
        ]
      ],
      "face_rect": [
        40,
        0,
        378,
        452
      ]
    },
    {
      "img_id": 38,
      "aud_id": 38,
      "transform_matrix": [
        [
          0.995184063911438,
          0.08783616870641708,
          0.043514471501111984,
          0.05175478011369705
        ],
        [
          -0.08659939467906952,
          0.9958052039146423,
          -0.029538990929722786,
          -0.018156014382839203
        ],
        [
          -0.0459265261888504,
          0.025628404691815376,
          0.9986160397529602,
          0.7478429079055786
        ],
        [
          0.0,
          0.0,
          0.0,
          1.0
        ]
      ],
      "face_rect": [
        36,
        0,
        386,
        452
      ]
    },
    {
      "img_id": 39,
      "aud_id": 39,
      "transform_matrix": [
        [
          0.9953035712242126,
          0.08920110762119293,
          0.037603408098220825,
          0.0472104549407959
        ],
        [
          -0.08804692327976227,
          0.9956241250038147,
          -0.03131012246012688,
          -0.019914371892809868
        ],
        [
          -0.04023175686597824,
          0.027852211147546768,
          0.998802125453949,
          0.7483617663383484
        ],
        [
          0.0,
          0.0,
          0.0,
          1.0
        ]
      ],
      "face_rect": [
        38,
        0,
        384,
        462
      ]
    },
    {
      "img_id": 40,
      "aud_id": 40,
      "transform_matrix": [
        [
          0.9949988722801208,
          0.09391862899065018,
          0.03400672227144241,
          0.04473418742418289
        ],
        [
          -0.0928165465593338,
          0.9951475262641907,
          -0.03265627473592758,
          -0.02136785164475441
        ],
        [
          -0.03690874204039574,
          0.02933657169342041,
          0.9988879561424255,
          0.7483894228935242
        ],
        [
          0.0,
          0.0,
          0.0,
          1.0
        ]
      ],
      "face_rect": [
        32,
        0,
        390,
        450
      ]
    },
    {
      "img_id": 41,
      "aud_id": 41,
      "transform_matrix": [
        [
          0.9933635592460632,
          0.10865531861782074,
          0.03771946579217911,
          0.048566706478595734
        ],
        [
          -0.10728313028812408,
          0.9935516715049744,
          -0.036679159849882126,
          -0.024958984926342964
        ],
        [
          -0.04146162420511246,
          0.0323890820145607,
          0.9986149668693542,
          0.7478009462356567
        ],
        [
          0.0,
          0.0,
          0.0,
          1.0
        ]
      ],
      "face_rect": [
        32,
        0,
        386,
        462
      ]
    },
    {
      "img_id": 42,
      "aud_id": 42,
      "transform_matrix": [
        [
          0.991145133972168,
          0.12530621886253357,
          0.04392765462398529,
          0.054807670414447784
        ],
        [
          -0.12371619045734406,
          0.9916190505027771,
          -0.03722798451781273,
          -0.02565396949648857
        ],
        [
          -0.048224400728940964,
          0.03146377578377724,
          0.9983408451080322,
          0.7472261190414429
        ],
        [
          0.0,
          0.0,
          0.0,
          1.0
        ]
      ],
      "face_rect": [
        31,
        0,
        384,
        450
      ]
    },
    {
      "img_id": 43,
      "aud_id": 43,
      "transform_matrix": [
        [
          0.9894476532936096,
          0.13634070754051208,
          0.04903611168265343,
          0.059699639678001404
        ],
        [
          -0.13497692346572876,
          0.9903903007507324,
          -0.030139248818159103,
          -0.02013128250837326
        ],
        [
          -0.05267409235239029,
          0.02320246584713459,
          0.9983421564102173,
          0.7462087273597717
        ],
        [
          0.0,
          0.0,
          0.0,
          1.0
        ]
      ],
      "face_rect": [
        28,
        0,
        384,
        442
      ]
    },
    {
      "img_id": 44,
      "aud_id": 44,
      "transform_matrix": [
        [
          0.989594042301178,
          0.13670018315315247,
          0.044906582683324814,
          0.05655088275671005
        ],
        [
          -0.13590839505195618,
          0.9905143976211548,
          -0.020250197499990463,
          -0.012604380957782269
        ],
        [
          -0.04724882170557976,
          0.013936292380094528,
          0.9987859129905701,
          0.7466526627540588
        ],
        [
          0.0,
          0.0,
          0.0,
          1.0
        ]
      ],
      "face_rect": [
        29,
        0,
        384,
        442
      ]
    },
    {
      "img_id": 45,
      "aud_id": 45,
      "transform_matrix": [
        [
          0.9904414415359497,
          0.13180553913116455,
          0.04065634310245514,
          0.05261499434709549
        ],
        [
          -0.13133154809474945,
          0.9912378191947937,
          -0.014128781855106354,
          -0.008280872367322445
        ],
        [
          -0.04216235503554344,
          0.008654270321130753,
          0.999073326587677,
          0.7468554377555847
        ],
        [
          0.0,
          0.0,
          0.0,
          1.0
        ]
      ],
      "face_rect": [
        35,
        0,
        372,
        442
      ]
    },
    {
      "img_id": 46,
      "aud_id": 46,
      "transform_matrix": [
        [
          0.9913712739944458,
          0.12575921416282654,
          0.0369797982275486,
          0.04900384694337845
        ],
        [
          -0.1252969205379486,
          0.9920122027397156,
          -0.014573064632713795,
          -0.009434932842850685
        ],
        [
          -0.03851711004972458,
          0.009813863784074783,
          0.9992097616195679,
          0.7474157214164734
        ],
        [
          0.0,
          0.0,
          0.0,
          1.0
        ]
      ],
      "face_rect": [
        33,
        0,
        384,
        458
      ]
    },
    {
      "img_id": 47,
      "aud_id": 47,
      "transform_matrix": [
        [
          0.9920926690101624,
          0.12046998739242554,
          0.035200055688619614,
          0.04688644036650658
        ],
        [
          -0.11993449181318283,
          0.9926369786262512,
          -0.016955586150288582,
          -0.012092039920389652
        ],
        [
          -0.03698351979255676,
          0.01259981282055378,
          0.9992364048957825,
          0.7476069331169128
        ],
        [
          0.0,
          0.0,
          0.0,
          1.0
        ]
      ],
      "face_rect": [
        35,
        0,
        380,
        476
      ]
    },
    {
      "img_id": 48,
      "aud_id": 48,
      "transform_matrix": [
        [
          0.9928593039512634,
          0.11405876278877258,
          0.03494119644165039,
          0.04579637199640274
        ],
        [
          -0.11356518417596817,
          0.993404746055603,
          -0.015805725008249283,
          -0.011557855643332005
        ],
        [
          -0.03651353716850281,
          0.011724758893251419,
          0.9992643594741821,
          0.7466082572937012
        ],
        [
          0.0,
          0.0,
          0.0,
          1.0
        ]
      ],
      "face_rect": [
        34,
        0,
        392,
        480
      ]
    },
    {
      "img_id": 49,
      "aud_id": 49,
      "transform_matrix": [
        [
          0.9936187863349915,
          0.10793881863355637,
          0.032726503908634186,
          0.04315291345119476
        ],
        [
          -0.10752155631780624,
          0.9941005706787109,
          -0.014257468283176422,
          -0.010270640254020691
        ],
        [
          -0.03407236933708191,
          0.010647683404386044,
          0.9993627071380615,
          0.7467043995857239
        ],
        [
          0.0,
          0.0,
          0.0,
          1.0
        ]
      ],
      "face_rect": [
        36,
        0,
        392,
        482
      ]
    },
    {
      "img_id": 50,
      "aud_id": 50,
      "transform_matrix": [
        [
          0.9942078590393066,
          0.10272299498319626,
          0.03160252422094345,
          0.041244350373744965
        ],
        [
          -0.10240823775529861,
          0.9946768283843994,
          -0.011426596902310848,
          -0.007607908919453621
        ],
        [
          -0.03260807320475578,
          0.008124054409563541,
          0.9994351863861084,
          0.7457602620124817
        ],
        [
          0.0,
          0.0,
          0.0,
          1.0
        ]
      ],
      "face_rect": [
        34,
        0,
        396,
        478
      ]
    },
    {
      "img_id": 51,
      "aud_id": 51,
      "transform_matrix": [
        [
          0.9946468472480774,
          0.09840746968984604,
          0.03152075037360191,
          0.04010086506605148
        ],
        [
          -0.09818575531244278,
          0.9951317310333252,
          -0.00850971881300211,
          -0.004640340805053711
        ],
        [
          -0.03220471739768982,
          0.005369276739656925,
          0.9994668364524841,
          0.7447608113288879
        ],
        [
          0.0,
          0.0,
          0.0,
          1.0
        ]
      ],
      "face_rect": [
        34,
        0,
        396,
        476
      ]
    },
    {
      "img_id": 52,
      "aud_id": 52,
      "transform_matrix": [
        [
          0.9950746893882751,
          0.09446516633033752,
          0.03004334308207035,
          0.03793398290872574
        ],
        [
          -0.09437184780836105,
          0.9955267310142517,
          -0.004512114450335503,
          -0.0008369942661374807
        ],
        [
          -0.030335191637277603,
          0.0016546453116461635,
          0.9995384216308594,
          0.7440829873085022
        ],
        [
          0.0,
          0.0,
          0.0,
          1.0
        ]
      ],
      "face_rect": [
        36,
        0,
        396,
        464
      ]
    },
    {
      "img_id": 53,
      "aud_id": 53,
      "transform_matrix": [
        [
          0.9953321814537048,
          0.09066975861787796,
          0.033058419823646545,
          0.03918611258268356
        ],
        [
          -0.09067598730325699,
          0.995879590511322,
          -0.0013137266505509615,
          0.0020160642452538013
        ],
        [
          -0.033041320741176605,
          -0.0016900106566026807,
          0.999452531337738,
          0.7456154227256775
        ],
        [
          0.0,
          0.0,
          0.0,
          1.0
        ]
      ],
      "face_rect": [
        39,
        0,
        392,
        462
      ]
    },
    {
      "img_id": 54,
      "aud_id": 54,
      "transform_matrix": [
        [
          0.9954016804695129,
          0.08946599811315536,
          0.03422420844435692,
          0.0390620231628418
        ],
        [
          -0.08950338512659073,
          0.9959864020347595,
          -0.00044132862240076065,
          0.0031136388424783945
        ],
        [
          -0.03412633016705513,
          -0.0026238830760121346,
          0.9994140863418579,
          0.7444149255752563
        ],
        [
          0.0,
          0.0,
          0.0,
          1.0
        ]
      ],
      "face_rect": [
        41,
        0,
        392,
        464
      ]
    },
    {
      "img_id": 55,
      "aud_id": 55,
      "transform_matrix": [
        [
          0.9954376220703125,
          0.08774405717849731,
          0.03748202696442604,
          0.04079114645719528
        ],
        [
          -0.08789443224668503,
          0.9961270093917847,
          0.002380115445703268,
          0.005822664126753807
        ],
        [
          -0.0371280163526535,
          -0.005663718096911907,
          0.9992944598197937,
          0.7429131269454956
        ],
        [
          0.0,
          0.0,
          0.0,
          1.0
        ]
      ],
      "face_rect": [
        43,
        0,
        386,
        464
      ]
    },
    {
      "img_id": 56,
      "aud_id": 56,
      "transform_matrix": [
        [
          0.9952825307846069,
          0.08688332885503769,
          0.0431734062731266,
          0.04456913471221924
        ],
        [
          -0.08715052157640457,
          0.9961857199668884,
          0.004342160187661648,
          0.00800645537674427
        ],
        [
          -0.04263146594166756,
          -0.008084260858595371,
          0.9990581274032593,
          0.7416881918907166
        ],
        [
          0.0,
          0.0,
          0.0,
          1.0
        ]
      ],
      "face_rect": [
        43,
        0,
        392,
        462
      ]
    },
    {
      "img_id": 57,
      "aud_id": 57,
      "transform_matrix": [
        [
          0.9949461221694946,
          0.08749262988567352,
          0.04926716908812523,
          0.04884354770183563
        ],
        [
          -0.08786629140377045,
          0.9961172342300415,
          0.005466376896947622,
          0.00955992378294468
        ],
        [
          -0.048597611486911774,
          -0.009767673909664154,
          0.9987707138061523,
          0.7410162687301636
        ],
        [
          0.0,
          0.0,
          0.0,
          1.0
        ]
      ],
      "face_rect": [
        48,
        0,
        384,
        450
      ]
    },
    {
      "img_id": 58,
      "aud_id": 58,
      "transform_matrix": [
        [
          0.9943510890007019,
          0.08902043104171753,
          0.0578041672706604,
          0.055390771478414536
        ],
        [
          -0.08951801806688309,
          0.9959666728973389,
          0.006071371026337147,
          0.010923275724053383
        ],
        [
          -0.05703055113554001,
          -0.01121158804744482,
          0.9983094930648804,
          0.7399677038192749
